
Enumeration Results:
(296, [50, 66, -22, -4, -55, 91, 100, -102, 9, 10, 19, -10, 10, 11, 11, -10, -18, 50, 90])
(199, [1, 9, 10, 92, 87])
(992, [565, 78, 33, 9, 10, 84, 71, -4, -22, -55, -10, 76, -9, -9, -11, 76, 89, 11, 10])
(92, [2, 3, 3, 3, 3, 3, 3, 3, 3, 3, 3, 3, 3, 3, 3, 3, 3, 3, 3, 3, 3, 3, 3, 3, 3, 3, 3, 3, 3, 3, 3])
(2, [2])
(410, [100, 100, 100, 100, -100, 100, 10])
(258, [10, 92, 57, 99])

Iteration Results:
(296, [50, 66, -22, -4, -55, 91, 100, -102, 9, 10, 19, -10, 10, 11, 11, -10, -18, 50, 90])
(199, [1, 9, 10, 92, 87])
(992, [565, 78, 33, 9, 10, 84, 71, -4, -22, -55, -10, 76, -9, -9, -11, 76, 89, 11, 10])
(92, [2, 3, 3, 3, 3, 3, 3, 3, 3, 3, 3, 3, 3, 3, 3, 3, 3, 3, 3, 3, 3, 3, 3, 3, 3, 3, 3, 3, 3, 3, 3])
(2, [2])
(410, [100, 100, 100, 100, -100, 100, 10])
(258, [10, 92, 57, 99])

Divide & Conquer Results:
296
36
992
92
2
410
53

Linear Results:
(296, [50, 66, -22, -4, -55, 91, 100, -102, 9, 10, 19, -10, 10, 11, 11, -10, -18, 50, 90])
(199, [1, 9, 10, 92, 87])
(992, [565, 78, 33, 9, 10, 84, 71, -4, -22, -55, -10, 76, -9, -9, -11, 76, 89, 11, 10])
(92, [2, 3, 3, 3, 3, 3, 3, 3, 3, 3, 3, 3, 3, 3, 3, 3, 3, 3, 3, 3, 3, 3, 3, 3, 3, 3, 3, 3, 3, 3, 3])
(2, [2])
(410, [100, 100, 100, 100, -100, 100, 10])
(258, [10, 92, 57, 99])
