
 LP OPTIMUM FOUND AT STEP     15

        OBJECTIVE FUNCTION VALUE

        1)      107.0000

  VARIABLE        VALUE          REDUCED COST
         B         2.000000          0.000000
         C         3.000000          0.000000
         D         8.000000          0.000000
         E         9.000000          0.000000
         F         6.000000          0.000000
         G         8.000000          0.000000
         H         9.000000          0.000000
         I         8.000000          0.000000
         J        10.000000          0.000000
         K        12.000000          0.000000
         L        15.000000          0.000000
         M        17.000000          0.000000
         A         0.000000          0.000000


       ROW   SLACK OR SURPLUS     DUAL PRICES
        2)         0.000000         12.000000
        3)         0.000000          9.000000
        4)         0.000000          1.000000
        5)         0.000000          1.000000
        6)         0.000000          1.000000
        7)         6.000000          0.000000
        8)         4.000000          0.000000
        9)         0.000000          1.000000
       10)         0.000000          7.000000
       11)         5.000000          0.000000
       12)         6.000000          0.000000
       13)         4.000000          0.000000
       14)         6.000000          0.000000
       15)         1.000000          0.000000
       16)        16.000000          0.000000
       17)         2.000000          0.000000
       18)         3.000000          0.000000
       19)         7.000000          0.000000
       20)         3.000000          0.000000
       21)         5.000000          0.000000
       22)        10.000000          0.000000
       23)        11.000000          0.000000
       24)         0.000000          5.000000
       25)         0.000000          1.000000
       26)         2.000000          0.000000
       27)         6.000000          0.000000
       28)         8.000000          0.000000
       29)         6.000000          0.000000
       30)         7.000000          0.000000
       31)        28.000000          0.000000
       32)         2.000000          0.000000
       33)         0.000000          3.000000
       34)         3.000000          0.000000
       35)         4.000000          0.000000
       36)         0.000000          1.000000
       37)         0.000000          2.000000
       38)        13.000000          0.000000
       39)         5.000000          0.000000
       40)         0.000000          1.000000

 NO. ITERATIONS=      15


 RANGES IN WHICH THE BASIS IS UNCHANGED:

                           OBJ COEFFICIENT RANGES
 VARIABLE         CURRENT        ALLOWABLE        ALLOWABLE
                   COEF          INCREASE         DECREASE
        B        1.000000         INFINITY         9.000000
        C        1.000000         INFINITY         1.000000
        D        1.000000         INFINITY         1.000000
        E        1.000000         INFINITY         1.000000
        F        1.000000         INFINITY         7.000000
        G        1.000000         INFINITY         1.000000
        H        1.000000         INFINITY         1.000000
        I        1.000000         INFINITY         5.000000
        J        1.000000         INFINITY         3.000000
        K        1.000000         INFINITY         1.000000
        L        1.000000         INFINITY         2.000000
        M        1.000000         INFINITY         1.000000
        A        0.000000         INFINITY         INFINITY

                           RIGHTHAND SIDE RANGES
      ROW         CURRENT        ALLOWABLE        ALLOWABLE
                    RHS          INCREASE         DECREASE
        2        0.000000         INFINITY         0.000000
        3        2.000000         1.000000         2.000000
        4        3.000000         4.000000         1.000000
        5        8.000000         2.000000         2.000000
        6        9.000000         5.000000         6.000000
        7        4.000000         INFINITY         6.000000
        8        5.000000         INFINITY         4.000000
        9        7.000000         INFINITY         5.000000
       10        4.000000         1.000000         2.000000
       11       10.000000         INFINITY         5.000000
       12        5.000000         INFINITY         6.000000
       13        9.000000         INFINITY         4.000000
       14       11.000000         INFINITY         6.000000
       15        4.000000         INFINITY         1.000000
       16        8.000000         INFINITY        16.000000
       17        2.000000         INFINITY         2.000000
       18        5.000000         INFINITY         3.000000
       19        5.000000         INFINITY         7.000000
       20        1.000000         INFINITY         3.000000
       21        5.000000         INFINITY         5.000000
       22        4.000000         INFINITY        10.000000
       23       10.000000         INFINITY        11.000000
       24        2.000000         3.000000         8.000000
       25        2.000000         2.000000         2.000000
       26        2.000000         INFINITY         2.000000
       27        8.000000         INFINITY         6.000000
       28       12.000000         INFINITY         8.000000
       29        5.000000         INFINITY         6.000000
       30       10.000000         INFINITY         7.000000
       31       20.000000         INFINITY        28.000000
       32        6.000000         INFINITY         2.000000
       33        2.000000         3.000000         4.000000
       34       12.000000         INFINITY         3.000000
       35        2.000000         INFINITY         4.000000
       36        4.000000         2.000000         5.000000
       37        5.000000         3.000000        15.000000
       38       10.000000         INFINITY        13.000000
       39       10.000000         INFINITY         5.000000
       40        2.000000         3.000000        17.000000

